[gd_scene load_steps=9 format=3 uid="uid://dco6gh876g323"]

[ext_resource type="Material" uid="uid://jdclmigjfj0o" path="res://Materials/TestMat.tres" id="1_usiua"]
[ext_resource type="Script" path="res://Scripts/Token.gd" id="1_y4slo"]
[ext_resource type="Material" uid="uid://knf57an1tcox" path="res://Materials/TestMat3.tres" id="2_0xjkx"]

[sub_resource type="CylinderMesh" id="CylinderMesh_11f54"]
material = ExtResource("2_0xjkx")
height = 0.15

[sub_resource type="BoxShape3D" id="BoxShape3D_3j24m"]
size = Vector3(0.707107, 0.15, 0.707107)

[sub_resource type="BoxShape3D" id="BoxShape3D_y7veg"]
size = Vector3(0.707107, 0.15, 0.707107)

[sub_resource type="BoxShape3D" id="BoxShape3D_b8kcg"]
size = Vector3(0.707107, 0.15, 0.707107)

[sub_resource type="BoxShape3D" id="BoxShape3D_8rm55"]
size = Vector3(0.707107, 0.15, 0.707107)

[node name="Token" type="RigidBody3D"]
mass = 0.01
continuous_cd = true
linear_velocity = Vector3(0, -5, 0)
script = ExtResource("1_y4slo")
jitter_influence = Vector3(1, 1, 0)

[node name="MeshInstance3D" type="MeshInstance3D" parent="."]
material_override = ExtResource("1_usiua")
mesh = SubResource("CylinderMesh_11f54")

[node name="@@42000" type="CollisionShape3D" parent="."]
shape = SubResource("BoxShape3D_3j24m")

[node name="@@42001" type="CollisionShape3D" parent="."]
transform = Transform3D(-0.448074, 0, 0.893997, 0, 1, 0, -0.893997, 0, -0.448074, 0, 0, 0)
shape = SubResource("BoxShape3D_y7veg")

[node name="@@42002" type="CollisionShape3D" parent="."]
transform = Transform3D(-0.59846, 0, -0.801153, 0, 1, 0, 0.801153, 0, -0.59846, 0, 0, 0)
shape = SubResource("BoxShape3D_b8kcg")

[node name="@@42003" type="CollisionShape3D" parent="."]
transform = Transform3D(0.984382, 0, -0.176046, 0, 1, 0, 0.176046, 0, 0.984382, 0, 0, 0)
shape = SubResource("BoxShape3D_8rm55")
