[gd_scene load_steps=8 format=3 uid="uid://bu1gmy4whlgd6"]

[ext_resource type="Script" path="res://Scripts/Token.gd" id="1_y4slo"]
[ext_resource type="Material" uid="uid://bpgkjsgbf81vu" path="res://Materials/Token/Token.tres" id="2_fj87l"]

[sub_resource type="CylinderMesh" id="CylinderMesh_11f54"]
lightmap_size_hint = Vector2i(17, 9)
material = ExtResource("2_fj87l")
height = 0.15
radial_segments = 16
rings = 2

[sub_resource type="BoxShape3D" id="BoxShape3D_881qd"]
size = Vector3(0.707107, 0.15, 0.707107)

[sub_resource type="BoxShape3D" id="BoxShape3D_fphaf"]
size = Vector3(0.707107, 0.15, 0.707107)

[sub_resource type="BoxShape3D" id="BoxShape3D_bkopf"]
size = Vector3(0.707107, 0.15, 0.707107)

[sub_resource type="BoxShape3D" id="BoxShape3D_m878w"]
size = Vector3(0.707107, 0.15, 0.707107)

[node name="Token" type="RigidBody3D"]
mass = 0.01
max_contacts_reported = 1
contact_monitor = true
linear_velocity = Vector3(0, -5, 0)
script = ExtResource("1_y4slo")
jitter_influence = Vector3(1, 1, 0)

[node name="MeshInstance3D" type="MeshInstance3D" parent="."]
transform = Transform3D(1, 0.00063886, -0.000357102, -0.000638944, 1, -0.000232427, 0.000356951, 0.000232658, 1, 0, 0, 0)
mesh = SubResource("CylinderMesh_11f54")

[node name="@@38185" type="CollisionShape3D" parent="."]
shape = SubResource("BoxShape3D_881qd")

[node name="@@38186" type="CollisionShape3D" parent="."]
transform = Transform3D(-0.448074, 0, 0.893997, 0, 1, 0, -0.893997, 0, -0.448074, 0, 0, 0)
shape = SubResource("BoxShape3D_fphaf")

[node name="@@38187" type="CollisionShape3D" parent="."]
transform = Transform3D(-0.59846, 0, -0.801153, 0, 1, 0, 0.801153, 0, -0.59846, 0, 0, 0)
shape = SubResource("BoxShape3D_bkopf")

[node name="@@38188" type="CollisionShape3D" parent="."]
transform = Transform3D(0.984382, 0, -0.176046, 0, 1, 0, 0.176046, 0, 0.984382, 0, 0, 0)
shape = SubResource("BoxShape3D_m878w")

[connection signal="body_entered" from="." to="." method="_on_body_entered"]
